2011_09_26_drive_0001_sync_000000 2 2 0 0
2011_09_26_drive_0001_sync_000001 2 2 0 0
2011_09_26_drive_0001_sync_000002 4 4 0 0
2011_09_26_drive_0001_sync_000003 3 3 0 0
2011_09_26_drive_0001_sync_000004 4 4 0 0
2011_09_26_drive_0001_sync_000005 5 5 0 0
2011_09_26_drive_0001_sync_000006 6 6 0 0
2011_09_26_drive_0001_sync_000007 7 7 0 0
2011_09_26_drive_0001_sync_000008 7 7 0 0
2011_09_26_drive_0001_sync_000009 6 6 0 0
2011_09_26_drive_0001_sync_000010 7 7 0 0
2011_09_26_drive_0001_sync_000011 7 6 0 0
2011_09_26_drive_0001_sync_000012 5 5 0 0
2011_09_26_drive_0001_sync_000013 4 4 0 0
2011_09_26_drive_0001_sync_000014 7 7 0 0
2011_09_26_drive_0001_sync_000015 7 6 0 0
2011_09_26_drive_0001_sync_000016 7 6 0 0
2011_09_26_drive_0001_sync_000017 7 7 0 0
2011_09_26_drive_0001_sync_000018 7 6 0 0
2011_09_26_drive_0001_sync_000019 5 5 0 0
2011_09_26_drive_0001_sync_000020 7 5 0 0
2011_09_26_drive_0001_sync_000021 7 7 0 0
2011_09_26_drive_0001_sync_000022 6 6 0 0
2011_09_26_drive_0001_sync_000023 8 8 0 0
2011_09_26_drive_0001_sync_000024 8 8 0 0
2011_09_26_drive_0001_sync_000025 7 7 0 0
2011_09_26_drive_0001_sync_000026 9 8 0 0
2011_09_26_drive_0001_sync_000027 6 6 0 0
2011_09_26_drive_0001_sync_000028 7 5 0 0
2011_09_26_drive_0001_sync_000029 6 6 0 0
2011_09_26_drive_0001_sync_000030 7 6 0 0
2011_09_26_drive_0001_sync_000031 6 6 0 0
2011_09_26_drive_0001_sync_000032 5 5 0 0
2011_09_26_drive_0001_sync_000033 4 4 0 0
2011_09_26_drive_0001_sync_000034 4 4 0 0
2011_09_26_drive_0001_sync_000035 5 5 0 0
2011_09_26_drive_0001_sync_000036 6 5 0 0
2011_09_26_drive_0001_sync_000037 6 5 0 0
2011_09_26_drive_0001_sync_000038 4 4 0 0
2011_09_26_drive_0001_sync_000039 5 4 0 0
2011_09_26_drive_0001_sync_000040 4 4 0 0
2011_09_26_drive_0001_sync_000041 3 3 0 0
2011_09_26_drive_0001_sync_000042 5 3 0 0
2011_09_26_drive_0001_sync_000043 3 3 0 0
2011_09_26_drive_0001_sync_000044 3 3 0 0
2011_09_26_drive_0001_sync_000045 4 3 0 0
2011_09_26_drive_0001_sync_000046 4 3 0 0
2011_09_26_drive_0001_sync_000047 5 3 0 0
2011_09_26_drive_0001_sync_000048 5 3 0 0
2011_09_26_drive_0001_sync_000049 4 2 0 0
2011_09_26_drive_0001_sync_000050 4 2 0 0
2011_09_26_drive_0001_sync_000051 4 2 0 0
2011_09_26_drive_0001_sync_000052 4 2 0 0
2011_09_26_drive_0001_sync_000053 5 2 0 0
2011_09_26_drive_0001_sync_000054 5 1 0 0
2011_09_26_drive_0001_sync_000055 3 1 0 0
2011_09_26_drive_0001_sync_000056 2 1 0 0
2011_09_26_drive_0001_sync_000057 3 1 0 0
2011_09_26_drive_0001_sync_000058 3 1 0 0
2011_09_26_drive_0001_sync_000059 3 1 0 0
2011_09_26_drive_0001_sync_000060 2 1 0 0
2011_09_26_drive_0001_sync_000061 3 1 0 0
2011_09_26_drive_0001_sync_000062 3 1 0 0
2011_09_26_drive_0001_sync_000063 3 1 0 0
2011_09_26_drive_0001_sync_000064 3 1 0 0
2011_09_26_drive_0001_sync_000065 2 1 0 0
2011_09_26_drive_0001_sync_000066 3 1 1 0
2011_09_26_drive_0001_sync_000067 4 1 1 0
2011_09_26_drive_0001_sync_000068 3 1 1 0
2011_09_26_drive_0001_sync_000069 3 1 1 0
2011_09_26_drive_0001_sync_000070 3 1 1 0
2011_09_26_drive_0001_sync_000071 2 1 0 1
2011_09_26_drive_0001_sync_000072 2 1 0 0
2011_09_26_drive_0001_sync_000073 4 3 1 0
2011_09_26_drive_0001_sync_000074 3 1 1 0
2011_09_26_drive_0001_sync_000075 1 0 0 0
2011_09_26_drive_0001_sync_000076 3 1 0 0
2011_09_26_drive_0001_sync_000077 3 1 1 0
2011_09_26_drive_0001_sync_000078 3 1 1 0
2011_09_26_drive_0001_sync_000079 4 2 1 0
2011_09_26_drive_0001_sync_000080 4 2 1 0
2011_09_26_drive_0001_sync_000081 4 2 1 0
2011_09_26_drive_0001_sync_000082 4 2 1 0
2011_09_26_drive_0001_sync_000083 5 2 1 1
2011_09_26_drive_0001_sync_000084 6 4 1 0
2011_09_26_drive_0001_sync_000085 5 3 1 0
2011_09_26_drive_0001_sync_000086 6 3 1 1
2011_09_26_drive_0001_sync_000087 3 1 0 1
2011_09_26_drive_0001_sync_000088 4 1 2 1
2011_09_26_drive_0001_sync_000089 6 3 1 1
2011_09_26_drive_0001_sync_000090 5 3 1 0
2011_09_26_drive_0001_sync_000091 5 3 1 1
2011_09_26_drive_0001_sync_000092 3 3 0 0
2011_09_26_drive_0001_sync_000093 5 3 1 0
2011_09_26_drive_0001_sync_000094 3 2 0 0
2011_09_26_drive_0001_sync_000095 3 2 0 0
2011_09_26_drive_0001_sync_000096 3 2 0 0
2011_09_26_drive_0001_sync_000097 3 2 1 0
2011_09_26_drive_0001_sync_000098 2 2 0 0
2011_09_26_drive_0001_sync_000099 2 2 0 0
2011_09_26_drive_0001_sync_000100 2 2 0 0
2011_09_26_drive_0001_sync_000101 3 2 1 0
2011_09_26_drive_0001_sync_000102 3 3 0 0
2011_09_26_drive_0001_sync_000103 4 3 0 0
2011_09_26_drive_0001_sync_000104 4 2 1 0
2011_09_26_drive_0001_sync_000105 3 2 1 0
2011_09_26_drive_0001_sync_000106 3 2 1 0
